# from Biometrika, 1901, 
# On the change in expectation of life in man during a period
# of circa 2000 years, pp. 261-264, Karl Pearson. 
# first 82 men: 
# then then 59 women:
1.5
1.83
2
2
3
3
3
4
4
4
4
5
5
5
6
10
11
14
14
16
17
17
19
20
20
21
22
22
23
24
24
25
25
25
25
25
26
26
26
26
27
29
30
32
33
33
36
36
37
40
40
40
46
48
48
50
50
50
50
50
52
52
52
55
55
59
60
60
60
60
62
63
65
65
68
68
70.5
72
72
72
84
90
1.5
3
3
4
4
4
6
6
9
10
11
14
16
17
17
17
18
18
19
19
20
20
20
21
21
21
21
21
21
22
22
23
23
25
25
25
25
26
27
28
29
30
30
33
35
35
35
36
36
40
40
40
50
52
54
55
60
70
96